1.6968246
1.6968161
1.696689
1.6961694
1.6949801
1.692964
1.6900871
1.6864016
1.6820021
1.6769985
1.6714995
1.6656052
1.6594028
1.652967
1.6463605
1.6396348
1.6328326
1.6259885
1.6191304
1.6122808
1.6054581
1.5986767
1.5919478
1.5852808
1.5786824
1.5721582
1.5657123
1.559348
1.5530671
1.5468717
1.5407624
1.53474
1.5288047
1.5229564
1.5171949
1.5115194
1.50593
1.5004255
1.4950051
1.4896681
1.4844137
1.4792408
1.4741484
1.4691358
1.4642016
1.459345
1.4545649
1.4498605
1.4452305
1.4406742
1.4361902
1.431778
1.4274361
1.4231639
1.4189602
1.4148241
1.4107548
1.4067512
1.4028122
1.3989372
1.3951252
1.3913751
1.3876861
1.3840575
1.3804883
1.3769774
1.3735244
1.370128
1.3667877
1.3635025
1.3602717
1.3570943
1.3539696
1.3508968
1.3478751
1.344904
1.3419824
1.3391095
1.3362849
1.3335077
1.3307769
1.3280922
1.3254526
1.3228577
1.3203065
1.3177986
1.315333
1.3129094
1.3105268
1.3081847
1.3058826
1.3036196
1.3013954
1.2992091
1.2970603
1.294948
1.2928721
1.2908317
1.2888265
1.2868557
1.2849189
1.2830154
1.2811446
1.2793063
1.2774997
1.2757243
1.2739797
1.2722653
1.2705806
1.2689252
1.2672986
1.2657001
1.2641295
1.2625862
1.2610698
1.2595799
1.2581159
1.2566776
1.2552643
1.2538757
1.2525115
1.251171
1.2498541
1.2485603
1.2472892
1.2460403
1.2448134
1.243608
1.242424
1.2412605
1.2401175
1.2389948
1.2378919
1.2368084
1.2357439
1.2346983
1.2336708
1.2326617
1.2316705
1.2306968
1.2297401
1.2288005
1.2278775
1.2269707
1.2260801
1.2252052
1.2243457
1.2235016
1.2226725
1.2218578
1.2210578
1.2202718
1.2195
1.2187418
1.217997
1.2172652
1.2165467
1.2158409
1.2151477
1.2144668
1.213798
1.213141
1.2124959
1.2118621
1.2112396
1.2106283
1.2100277
1.2094378
1.2088586
1.2082895
1.2077308
1.2071818
1.2066427
1.2061133
1.2055931
1.2050824
1.2045808
1.2040879
1.2036041
1.2031287
1.2026619
1.2022034
1.2017531
1.2013109
1.2008767
1.20045
1.200031
1.1996195
1.1992153
1.1988184
1.1984286
1.1980457
1.1976696
1.1973003
1.1969376
1.1965814
1.1962316
1.195888
1.1955506
1.1952192
1.1948936
1.1945739
1.1942601
1.1939517
1.1936488
1.1933515
1.1930594
1.1927725
1.1924909
1.1922143
1.1919427
1.1916757
1.1914135
1.1911561
1.1909034
1.1906552
1.1904114
1.190172
1.1899368
1.1897058
1.1894791
1.1892563
1.1890377
1.1888227
1.1886117
1.1884046
1.1882011
1.1880013
1.187805
1.1876123
1.1874231
1.1872371
1.1870544
1.1868751
1.186699
1.1865262
1.1863563
1.1861895
1.1860259
1.1858649
1.185707
1.1855518
1.1853994
1.1852498
1.1851028
1.1849586
1.1848168
1.1846776
1.184541
1.1844066
1.1842749
1.1841455
1.1840183
1.1838933
1.1837707
1.1836504
1.1835321
1.1834159
1.1833017
1.1831899
1.1830797
1.1829717
1.1828656
1.1827614
1.1826591
1.1825585
1.18246
1.182363
1.1822678
1.1821743
1.1820825
1.1819923
1.1819038
1.1818169
1.1817315
1.1816477
1.1815652
1.1814845
1.181405
1.181327
1.1812503
1.1811752
1.1811012
1.1810287
1.1809573
1.1808875
1.1808188
1.1807512
1.1806849
1.18062
1.180556
1.1804931
1.1804315
1.180371
1.1803117
1.1802533
1.1801958
1.1801395
1.1800842
1.18003
1.1799767
1.1799242
1.1798729
1.1798223
1.1797727
1.179724
1.1796762
1.1796291
1.179583
1.1795377
1.1794932
1.1794494
1.1794065
1.1793644
1.179323
1.1792823
1.1792424
1.1792033
1.1791646
1.179127
1.1790898
1.1790532
1.1790174
1.1789824
1.1789478
1.1789138
1.1788806
1.1788478
1.1788156
1.1787843
1.1787531
1.1787227
1.1786929
1.1786636
1.1786346
1.1786065
1.1785787
1.1785513
1.1785245
1.1784981
1.1784724
1.178447
1.1784221
1.1783977
1.1783735
1.1783499
1.1783267
1.178304
1.1782815
1.1782595
1.178238
1.1782168
1.178196
1.1781757
1.1781555
1.1781359
1.1781164
1.1780975
1.1780789
1.1780605
1.1780425
1.1780248
1.1780076
1.1779904
1.1779737
1.1779572
1.1779412
1.1779251
1.1779097
1.1778945
1.1778795
1.1778646
1.1778502
1.177836
1.1778219
1.1778083
1.1777948
1.1777816
1.1777685
1.1777558
1.1777433
1.177731
1.1777189
1.177707
1.1776954
1.1776841
1.1776727
1.1776617
1.1776509
1.1776403
1.1776297
1.1776195
1.1776093
1.1775994
1.1775899
1.1775801
1.1775708
1.1775616
1.1775526
1.1775438
1.1775349
1.1775264
1.1775179
1.1775097
1.1775017
1.1774936
1.177486
1.1774781
1.1774707
1.1774632
1.1774559
1.1774487
1.1774418
1.1774349
1.1774281
1.1774215
1.1774149
1.1774085
1.1774021
1.177396
1.17739
1.177384
1.1773782
1.1773725
1.1773667
1.1773611
1.1773558
1.1773505
1.1773452
1.17734
1.1773349
1.1773299
1.177325
1.1773202
1.1773155
1.177311
1.1773063
1.1773019
1.1772976
1.1772932
1.1772889
1.1772848
1.1772809
1.1772768
1.1772728
1.177269
1.1772653
1.1772615
1.1772579
1.1772542
1.1772506
1.1772472
1.1772437
1.1772405
1.1772372
1.1772339
1.1772308
1.1772277
1.1772246
1.1772217
1.1772188
1.1772158
1.177213
1.1772103
1.1772075
1.1772046
1.1772021
1.1771995
1.177197
1.1771946
1.1771921
1.1771896
1.1771873
1.1771848
1.1771827
1.1771804
1.1771781
1.177176
1.177174
1.1771717
1.1771698
1.1771677
1.1771657
1.1771638
1.1771619
1.17716
1.1771582
1.1771563
1.1771548
1.177153
1.1771512
1.1771495
1.1771479
1.1771463
1.1771446
1.1771432
1.1771417
1.1771401
1.1771386
1.1771371
1.1771357
1.1771343
1.1771331
1.1771317
1.1771302
1.177129
1.1771277
1.1771264
1.1771253
1.177124
1.1771227
1.1771215
1.1771204
1.1771194
1.1771182
1.1771172
1.177116
1.1771151
1.177114
1.177113
1.1771121
1.1771111
1.17711
1.1771091
1.1771082
1.1771073
1.1771064
1.1771054
1.1771046
1.1771038
1.177103
1.1771022
1.1771015
1.1771007
1.1770998
1.1770991
1.1770983
1.1770977
1.1770968
1.1770962
1.1770955
1.1770949
1.1770941
1.1770935
1.1770929
1.1770922
1.1770916
1.177091
1.1770903
1.1770898
1.1770892
1.1770887
1.177088
1.1770875
1.177087
1.1770865
1.1770859
1.1770854
1.1770849
1.1770844
1.177084
1.1770835
1.1770831
1.1770825
1.1770822
1.1770816
1.1770813
1.1770808
1.1770804
1.17708
1.1770797
1.1770793
1.1770788
1.1770785
1.1770781
1.1770777
1.1770774
1.177077
1.1770768
1.1770763
1.177076
1.1770757
1.1770753
1.177075
1.1770748
1.1770743
1.1770741
1.177074
1.1770736
1.1770731
1.177073
1.1770728
1.1770725
1.177072
1.1770719
1.1770717
1.1770712
1.1770711
1.1770709
1.1770706
1.1770704
1.1770701
1.17707
1.1770698
1.1770695
1.1770693
1.1770692
1.177069
1.1770687
1.1770685
1.1770682
1.1770682
1.177068
1.1770678
1.1770675
1.1770673
1.1770673
1.177067
1.1770668
1.1770667
1.1770666
1.1770663
1.1770662
1.1770661
1.177066
1.1770657
1.1770656
1.1770655
1.1770654
1.1770651
1.1770651
1.1770649
1.1770648
1.1770647
1.1770644
1.1770644
1.1770644
1.1770643
1.1770641
1.177064
1.1770638
1.1770637
1.1770635
1.1770635
1.1770635
1.1770633
1.1770633
1.177063
1.177063
1.177063
1.1770627
1.1770627
1.1770626
1.1770625
1.1770625
1.1770624
1.1770624
1.1770623
1.1770622
1.1770622
1.1770619
1.1770619
1.1770618
1.1770616
1.1770616
1.1770616
1.1770616
1.1770614
1.1770614
1.1770613
1.1770612
1.1770612
1.1770612
1.1770612
1.1770608
1.1770608
1.1770608
1.1770608
1.1770606
1.1770606
1.1770606
1.1770606
1.1770606
1.1770606
1.1770605
1.1770605
1.1770604
1.1770604
1.1770602
1.1770602
1.1770602
1.1770601
1.1770601
1.17706
1.17706
1.17706
1.17706
1.1770598
1.1770598
1.1770598
1.1770597
1.1770597
1.1770597
1.1770597
1.1770595
1.1770595
1.1770595
1.1770595
1.1770595
1.1770595
1.1770594
1.1770594
1.1770594
1.1770593
1.1770593
1.1770593
1.1770593
1.1770592
1.1770592
1.1770592
1.1770592
1.1770592
1.1770592
1.177059
1.177059
1.1770589
1.1770589
1.1770589
1.1770589
1.1770589
1.1770589
1.1770589
1.1770589
1.1770587
1.1770587
1.1770587
1.1770587
1.1770587
1.1770587
1.1770587
1.1770587
1.1770587
1.1770587
1.1770587
1.1770587
1.1770587
1.1770586
1.1770586
1.1770585
1.1770585
1.1770585
1.1770585
1.1770585
1.1770585
1.1770585
1.1770585
1.1770585
1.1770585
1.1770585
1.1770585
1.1770583
1.1770583
1.1770583
1.1770583
1.1770583
1.1770583
1.1770582
1.1770582
1.1770582
1.1770582
1.1770582
1.1770582
1.1770582
1.1770582
1.1770582
1.1770582
1.1770582
1.1770582
1.1770582
1.1770582
1.1770581
1.1770581
1.1770581
1.1770581
1.1770581
1.1770581
1.1770581
1.1770581
1.1770581
1.1770581
1.1770581
1.1770581
1.1770581
1.177058
1.177058
1.177058
1.177058
1.177058
1.177058
1.177058
1.177058
1.177058
1.177058
1.177058
1.177058
1.177058
1.177058
1.177058
1.177058
1.177058
1.177058
1.177058
1.1770579
1.1770579
1.1770579
1.1770579
1.1770579
1.1770579
1.1770579
1.1770579
1.1770579
1.1770579
1.1770579
1.1770579
1.1770579
1.1770579
1.1770579
1.1770579
1.1770579
1.1770579
1.1770579
1.1770579
1.1770579
1.1770579
1.1770579
1.1770579
1.1770579
1.1770579
1.1770579
1.1770579
1.1770579
1.1770579
1.1770579
1.1770579
1.1770579
1.1770579
1.1770579
1.1770579
1.1770579
1.1770579
1.1770579
1.1770579
1.1770579
1.1770579
1.1770579
1.1770579
1.1770579
1.1770577
1.1770577
1.1770577
1.1770577
1.1770577
1.1770577
1.1770577
1.1770577
1.1770577
1.1770577
1.1770577
1.1770577
1.1770577
1.1770577
1.1770577
1.1770577
1.1770577
1.1770577
1.1770577
1.1770577
1.1770577
1.1770577
1.1770577
1.1770577
1.1770577
1.1770577
1.1770577
1.1770577
1.1770577
1.1770577
1.1770577
1.1770577
1.1770577
1.1770577
1.1770577
1.1770577
1.1770577
1.1770577
1.1770577
1.1770577
1.1770577
1.1770577
1.1770577
1.1770577
1.1770577
1.1770577
1.1770577
1.1770577
1.1770577
1.1770577
1.1770577
1.1770577
1.1770577
1.1770577
1.1770577
1.1770577
1.1770577
1.1770577
1.1770577
1.1770577
1.1770577
1.1770577
1.1770577
1.1770577
1.1770577
1.1770577
1.1770577
1.1770577
1.1770577
1.1770577
1.1770577
1.1770577
1.1770577
1.1770577
1.1770577
1.1770577
1.1770577
1.1770577
1.1770577
1.1770577
1.1770577
1.1770577
1.1770577
1.1770577
1.1770577
1.1770577
1.1770577
1.1770577
1.1770577
1.1770577
1.1770577
1.1770577
1.1770577
1.1770577
1.1770577
1.1770577
1.1770576
1.1770576
1.1770576
1.1770576
1.1770576
1.1770576
1.1770576
1.1770576
1.1770576
1.1770576
1.1770576
1.1770576
1.1770576
1.1770576
1.1770576
1.1770576
1.1770576
1.1770576
1.1770576
1.1770576
1.1770576
1.1770576
1.1770576
1.1770576
1.1770576
1.1770576
1.1770576
1.1770576
1.1770576
1.1770576
1.1770576
1.1770576
1.1770576
1.1770576
1.1770576
1.1770576
